1728563738.28236	123538.2	43545.05	77.8373503	40.4777749	2580.8145	1	61.17	54677.9903	54674.6682	-5814.347168	25502.2421875	48327.9453125	-1.719	2.136	4.201	4961
1728563738.3823	123538.3	43545.15	77.8373506	40.4777746	2580.8164	1	61.12	54678.9443	54674.2198	-9347.9697266	23815.2558594	48566.5234375	-1.697	2.109	9.017	4962
1728563738.48301	123538.4	43545.25	77.8373509	40.4777743	2580.8123	1	61.04	54681.9099	54673.7531	-12366.0253906	22010.7265625	48687.0117188	-1.593	2.323	18.77	4963
1728563738.58296	123538.5	43545.35	77.8373515	40.477774	2580.7915	1	61.06	54683.379	54673.3407	-14693.7275391	20064.7363281	48691.8671875	-1.411	2.68	23.696	4964
1728563738.6829	123538.6	43545.45	77.8373522	40.4777738	2580.7722	1	61.1	54686.0435	54673.3444	-17209.71875	18261.0195313	48666.6523438	-1.362	3.394	34.059	4965
1728563738.78367	123538.7	43545.55	77.8373528	40.4777735	2580.7583	1	61.14	54687.7959	54673.2631	-19764.2714844	15504.9160156	48604.3945313	-1.098	3.789	39.068	4966
1728563738.88362	123538.8	43545.65	77.8373535	40.4777732	2580.7432	1	61.12	54689.7167	54673.4305	-21697.7128906	12593.0810547	48587.296875	-0.533	4.064	49.15	4967
1728563738.98144	123538.9	43545.75	77.8373541	40.4777731	2580.7256	1	61.11	54692.8859	54673.6139	-23054.8828125	10056.8554688	48518.3515625	-0.044	4.294	54.543	4968
1728563739.08138	123539.0	43545.85	77.8373548	40.477773	2580.7039	1	61.11	54693.5243	54673.8838	-24485.3457031	6183.7885742	48445.9882813	0.423	4.459	64.472	4969
1728563739.18137	123539.1	43545.95	77.8373556	40.4777729	2580.6829	1	61.13	54693.8867	54674.6497	-25016.0390625	2890.0649414	48487.8046875	0.593	4.52	69.381	4970
1728563739.2821	123539.2	43546.05	77.8373562	40.4777729	2580.6855	1	61.05	54694.3444	54675.5145	-24902.75	-547.2317505	48641.2578125	0.45	4.657	79.475	4971
1728563739.38204	123539.3	43546.15	77.8373569	40.4777729	2580.6858	1	60.97	54692.6328	54675.9657	-24247.3261719	-3163.5778809	48954.671875	0.275	5.003	84.286	4972
1728563739.48199	123539.4	43546.25	77.8373576	40.477773	2580.679	1	61.04	54692.121	54676.9276	-22814.3359375	-6520.9765625	49361.6953125	0.027	5.871	93.924	4973
1728563739.58194	123539.5	43546.35	77.8373582	40.477773	2580.6677	1	60.92	54688.6189	54677.4991	-21293.7382813	-8994.9023438	49655.5429688	0.203	6.359	98.767	4974
1728563739.68188	123539.6	43546.45	77.8373589	40.4777731	2580.6523	1	60.81	54687.2165	54678.5059	-19690.4003906	-11556.9492188	49860.7578125	1.005	6.436	108.817	4975
1728563739.78183	123539.7	43546.55	77.8373595	40.4777731	2580.6389	1	60.89	54686.315	54678.9953	-18239.625	-13676.34375	49941.2773438	1.477	6.249	113.639	4976
1728563739.88177	123539.8	43546.65	77.83736	40.4777732	2580.6216	1	60.94	54682.9828	54680.1103	-15947.8876953	-16660.7128906	49899.8984375	2.257	5.81	123.221	4977
1728563739.98172	123539.9	43546.75	77.8373605	40.4777732	2580.6047	1	60.91	54681.8309	54680.6614	-13623.0878906	-18691.3105469	49944.5117188	2.63	5.706	128.345	4978
1728563740.07933	123540.0	43546.85	77.8373609	40.4777732	2580.5876	1	60.88	54679.5303	54681.489	-11078.4462891	-20150.6660156	49974.8515625	3.119	5.135	137.769	4979
1728563740.17925	123540.1	43546.95	77.8373612	40.4777734	2580.5664	1	60.84	54678.3093	54682.3575	-8753.1630859	-21530.0742188	50057.046875	3.213	5.102	142.459	4980
1728563740.27998	123540.2	43547.05	77.8373615	40.4777736	2580.5435	1	60.78	54675.8252	54683.0005	-5270.175293	-22612.2324219	50177.8125	3.449	4.811	152.19	4981
1728563740.37994	123540.3	43547.15	77.8373616	40.4777738	2580.5198	1	60.79	54674.8528	54683.8258	-2078.8811035	-22908.265625	50337.859375	3.377	4.888	156.847	4982
1728563740.47987	123540.4	43547.25	77.8373616	40.4777741	2580.4961	1	60.79	54672.6513	54684.4896	677.6251831	-22933.0039063	50456.609375	3.086	4.679	166.199	4983
1728563740.57985	123540.5	43547.35	77.8373615	40.4777744	2580.4741	1	60.68	54670.3547	54685.8907	4531.9526367	-22370.2128906	50619.1914063	3.037	4.756	170.905	4984
1728563740.67977	123540.6	43547.45	77.8373614	40.4777747	2580.4534	1	60.7	54670.0102	54686.4322	7815.1728516	-21518.2734375	50653.6289063	2.74	4.575	-179.258	4985
1728563740.77971	123540.7	43547.55	77.8373613	40.477775	2580.4331	1	60.65	54668.2448	54687.5926	10460.171875	-20484.1132813	50661.6132813	2.559	4.498	-174.568	4986
1728563740.87966	123540.8	43547.65	77.8373611	40.4777753	2580.4148	1	60.62	54667.9028	54688.7212	13839.1933594	-18883.7089844	50545.0039063	2.663	4.135	-165.216	4987
1728563740.97964	123540.9	43547.75	77.8373608	40.4777756	2580.3931	1	60.64	54666.7587	54689.3802	16370.9892578	-17171.6582031	50444.3164063	2.746	3.888	-160.197	4988
1728563741.07955	123541.0	43547.85	77.8373604	40.477776	2580.3677	1	60.66	54666.6039	54690.5606	18576.1308594	-15453.3242188	50386.0585938	2.911	3.734	-150.833	4989
1728563741.17953	123541.1	43547.95	77.8373601	40.4777763	2580.3528	1	60.65	54665.8931	54690.8788	20169.3398438	-13003.0166016	50370.8828125	3.086	3.575	-146.144	4990
1728563741.27715	123541.2	43548.05	77.8373597	40.4777765	2580.345	1	60.56	54665.0574	54691.7535	22041.1171875	-9954.8671875	50297.609375	3.213	3.262	-136.357	4991
1728563741.37713	123541.3	43548.15	77.8373593	40.4777767	2580.3352	1	60.57	54664.5729	54692.0168	23557.390625	-7188.6118164	50087.5507813	2.779	3.075	-131.684	4992
1728563741.47778	123541.4	43548.25	77.8373589	40.4777768	2580.3188	1	60.65	54663.7743	54692.6903	25035.0566406	-4920.4296875	49762.1210938	1.9	2.609	-122.42	4993
1728563741.57776	123541.5	43548.35	77.8373584	40.4777769	2580.2942	1	60.73	54663.5954	54693.0938	26321.6933594	-1488.3583984	49206.3632813	0.846	2.186	-112.892	4994
1728563741.67769	123541.6	43548.45	77.837358	40.4777769	2580.2681	1	60.67	54663.9516	54693.4822	27085.1152344	1490.5495605	48788.328125	0.335	2.048	-108.323	4995
1728563741.78506	123541.7	43548.55	77.8373576	40.4777769	2580.2466	1	60.75	54663.5964	54693.0761	27273.1835938	4469.6401367	48487.5546875	0.176	1.56	-99.124	4996
1728563741.885	123541.8	43548.65	77.8373572	40.4777769	2580.2314	1	60.69	54663.0757	54692.7811	26786.9140625	7324.0678711	48384.1914063	0.269	1.236	-94.517	4997
1728563741.98567	123541.9	43548.75	77.8373568	40.4777771	2580.2273	1	60.63	54663.4468	54691.1141	25886.3632813	9636.1015625	48438.4960938	0.472	0.648	-84.939	4998
1728563742.08565	123542.0	43548.85	77.8373564	40.4777774	2580.2322	1	60.72	54663.3687	54690.3157	23929.4199219	12712.3662109	48671.2617188	0.632	0.483	-80.293	4999
1728563742.18557	123542.1	43548.95	77.837356	40.4777776	2580.2351	1	60.55	54663.8757	54688.0348	21793.375	15260.0517578	48875.921875	1.005	0.066	-71.018	5000
1728563742.28314	123542.2	43549.05	77.8373556	40.4777777	2580.2373	1	60.54	54664.9165	54686.9066	19501.8261719	17163.0566406	49011.1484375	0.796	0	-66.026	5001
1728563742.38309	123542.3	43549.15	77.8373553	40.4777778	2580.2427	1	60.69	54665.3455	54684.6474	16938.328125	19671.3574219	48956.078125	0.181	0.253	-56.767	5002
1728563742.48387	123542.4	43549.25	77.837355	40.4777777	2580.248	1	60.83	54666.1762	54682.6663	15086.4042969	21688.1484375	48763.71875	-0.165	0.461	-52.138	5003
1728563742.58382	123542.5	43549.35	77.8373547	40.4777776	2580.2585	1	60.76	54666.9184	54681.8219	12748.2568359	23548.9921875	48492.5273438	-0.664	0.615	-47.464	5004
1728563742.6838	123542.6	43549.45	77.8373545	40.4777774	2580.2664	1	60.7	54667.9971	54679.8051	10124.2568359	24791.3652344	48302.3085938	-0.664	0.615	-47.464	5005
1728563742.78371	123542.7	43549.55	77.8373542	40.4777772	2580.2688	1	60.93	54669.7699	54679.1138	7226.0673828	26027.7792969	48182.3984375	-0.664	0.615	-47.464	5006
1728563742.88366	123542.8	43549.65	77.8373541	40.477777	2580.2695	1	60.95	54671.7897	54677.4811	4087.3208008	26347.1738281	48272.1367188	-0.664	0.615	-47.464	5007
1728563742.98364	123542.9	43549.75	77.8373539	40.4777769	2580.2732	1	60.97	54672.9397	54676.7111	815.9898682	26165.7324219	48441.2148438	-2.136	1.236	-16.277	5008
1728563743.081	123543.0	43549.85	77.8373538	40.4777767	2580.2793	1	60.87	54675.4211	54675.6715	-2566.8581543	25592.2226563	48677.234375	-1.774	1.197	-6.37	5009
1728563743.18094	123543.1	43549.95	77.8373538	40.4777765	2580.2888	1	60.86	54676.6707	54675.2683	-5912.0756836	24519.6386719	48782.4296875	-1.746	1.4	-1.609	5010
1728563743.28089	123543.2	43550.05	77.8373538	40.4777762	2580.2974	1	60.83	54679.5952	54674.4876	-9100.8046875	23208.4199219	48847.4101563	-1.889	1.73	7.908	5011
1728563743.38083	123543.3	43550.15	77.8373539	40.477776	2580.2974	1	60.85	54681.2191	54673.7834	-11874.0742188	22055.3945313	48845.8789063	-1.889	2.015	12.653	5012
1728563743.48078	123543.4	43550.25	77.8373541	40.4777757	2580.2864	1	61.01	54683.4825	54673.5267	-14213.5263672	20464.765625	48869.328125	-2.312	3.042	22.455	5013
1728563743.57935	123543.5	43550.35	77.8373544	40.4777755	2580.2717	1	61	54684.413	54673.3779	-16315.6835938	18404.3164063	48863.0859375	-2.422	3.613	27.211	5014
1728563743.67927	123543.6	43550.45	77.8373547	40.4777752	2580.2593	1	60.98	54686.9018	54673.374	-18455.6328125	16063.3007813	48871.5664063	-1.609	3.97	36.761	5015
1728563743.78007	123543.7	43550.55	77.837355	40.4777749	2580.2534	1	60.98	54689.7119	54673.2533	-20542.703125	13849.6425781	48822.1640625	-1.258	4.19	41.912	5016
1728563743.87771	123543.8	43550.65	77.8373553	40.4777747	2580.26	1	60.91	54690.3327	54673.4592	-22386.5898438	10803.4179688	48743.1875	-0.434	4.025	51.385	5017
1728563743.97762	123543.9	43550.75	77.8373557	40.4777745	2580.2661	1	60.85	54692.8763	54673.9854	-23731.4824219	7082.6577148	48675.9296875	0.027	3.981	56.059	5018
1728563744.07829	123544.0	43550.85	77.8373561	40.4777744	2580.2688	1	60.74	54693.5601	54674.6438	-24584.6933594	4351.581543	48626.6367188	0.593	4.113	65.691	5019
1728563744.18587	123544.1	43550.95	77.8373566	40.4777744	2580.2632	1	60.85	54693.8199	54675.0979	-24994.7089844	1258.4486084	48595.7617188	0.813	4.366	70.326	5020
1728563744.28578	123544.2	43551.05	77.8373571	40.4777744	2580.2612	1	60.91	54694.1558	54675.8158	-24930.0332031	-2143.5571289	48605.2578125	1.444	5.019	79.596	5021
1728563744.37648	123544.3	43551.15	77.8373578	40.4777744	2580.2651	1	60.91	54692.9819	54676.1395	-24454.4550781	-4784.8134766	48747.2382813	1.521	5.442	84.247	5022
1728563744.48342	123544.4	43551.25	77.8373584	40.4777746	2580.2705	1	60.91	54690.7558	54676.8633	-23319.1855469	-6971.0800781	48987.6015625	1.389	6.068	93.978	5023
1728563744.58336	123544.5	43551.35	77.8373589	40.4777748	2580.2747	1	60.88	54689.1717	54677.5734	-21449.6582031	-9573.3798828	49450.703125	0.983	6.244	98.723	5024
1728563744.68331	123544.6	43551.45	77.8373594	40.4777751	2580.2764	1	60.84	54686.1068	54678.5559	-18635.7851563	-12499.9287109	50036.5	0.291	6.271	108.295	5025
1728563744.784	123544.7	43551.55	77.8373598	40.4777754	2580.2783	1	60.77	54684.453	54679.2271	-16440.1464844	-14852.7529297	50398.3554688	0.505	6.019	118.515	5026
1728563744.88395	123544.8	43551.65	77.8373603	40.4777756	2580.2839	1	60.69	54681.727	54680.1299	-13943.2558594	-16959.6367188	50419.2773438	0.983	5.547	123.463	5027
1728563744.9839	123544.9	43551.75	77.8373607	40.477776	2580.2932	1	60.66	54680.2456	54681.2798	-11699.046875	-19317.7558594	50228.6679688	2.345	4.8	133.244	5028
1728563745.08086	123545.0	43551.85	77.8373611	40.4777763	2580.3074	1	60.65	54678.4998	54681.917	-9158.3916016	-21436.3261719	49986.8789063	3.273	4.542	138.499	5029
1728563745.18081	123545.1	43551.95	77.8373614	40.4777767	2580.3167	1	60.77	54677.2123	54682.7138	-7250.2045898	-22372.1855469	50015.671875	3.273	4.542	138.499	5030
1728563745.28075	123545.2	43552.05	77.8373617	40.4777771	2580.3225	1	60.8	54675.0764	54683.156	-4679.5981445	-22861.1523438	50103.0742188	3.273	4.542	138.499	5031
1728563745.38151	123545.3	43552.15	77.8373618	40.4777776	2580.3215	1	60.77	54673.2862	54683.9677	-1445.6209717	-22834.1894531	50405.5546875	3.273	4.542	138.499	5032
1728563745.48143	123545.4	43552.25	77.8373618	40.4777781	2580.3174	1	60.7	54672.2241	54684.6759	2254.565918	-22383.8164063	50729.0664063	3.718	4.937	170.614	5033
1728563745.5814	123545.5	43552.35	77.8373616	40.4777785	2580.314	1	60.73	54669.937	54685.7464	6208.7333984	-21435.890625	50887.25	3.108	4.981	175.919	5034
1728563745.68132	123545.6	43552.45	77.8373615	40.4777789	2580.3101	1	60.65	54668.6852	54687.2215	10605.5478516	-20127.7539063	50821.1328125	2.361	4.454	-174.096	5035
1728563745.78127	123545.7	43552.55	77.8373614	40.4777792	2580.3091	1	60.64	54667.4569	54688.4891	13390.5742188	-18810.0019531	50605.53125	2.263	4.069	-169.126	5036
1728563745.88121	123545.8	43552.65	77.8373611	40.4777795	2580.3044	1	60.63	54667.0126	54689.4313	16217.4990234	-17507.0566406	50399.1328125	2.433	3.421	-158.851	5037
1728563745.98116	123545.9	43552.75	77.8373608	40.4777799	2580.2952	1	60.62	54666.1623	54690.3299	18481.90625	-15431.4755859	50348.6054688	2.587	3.454	-153.909	5038
1728563746.08111	123546.0	43552.85	77.8373605	40.4777802	2580.291	1	60.61	54665.7813	54691.3067	20636.1230469	-12417.5527344	50368.671875	2.696	3.268	-143.985	5039
1728563746.18108	123546.1	43552.95	77.8373601	40.4777804	2580.2881	1	60.25	54665.3307	54691.5148	22007.90625	-9465.0859375	50336.3125	2.74	3.147	-139.032	5040
1728563746.28018	123546.2	43553.05	77.8373598	40.4777806	2580.282	1	60.57	54664.5189	54692.0469	23555.4042969	-7100.340332	50107.8398438	2.103	2.565	-128.894	5041
1728563746.38016	123546.3	43553.15	77.8373594	40.4777806	2580.2739	1	60.58	54664.0031	54692.4963	25094.3378906	-4147.6474609	49761.5898438	1.323	2.208	-124.084	5042
1728563746.48084	123546.4	43553.25	77.8373591	40.4777806	2580.2581	1	60.71	54663.2583	54693.1963	26544.4042969	-689.8848877	49172.4453125	0.423	1.664	-114.49	5043
1728563746.58081	123546.5	43553.35	77.8373587	40.4777806	2580.2373	1	60.78	54663.3264	54693.2961	27237.0097656	1825.7541504	48665.9257813	-0.159	1.296	-109.344	5044
1728563746.68073	123546.6	43553.45	77.8373584	40.4777806	2580.2217	1	60.72	54662.891	54693.2763	27486.3691406	5150.4243164	48310.8476563	-0.813	0.61	-99.739	5045
1728563746.78068	123546.7	43553.55	77.8373582	40.4777806	2580.2087	1	60.81	54662.1151	54692.3306	27146.921875	7410.2045898	48144.9492188	-1.093	0.368	-94.939	5046
1728563746.88063	123546.8	43553.65	77.8373579	40.4777805	2580.2009	1	60.83	54663.0629	54691.7747	25841.1621094	10440.1972656	48246.2226563	-0.988	-0.346	-84.884	5047
1728563746.9806	123546.9	43553.75	77.8373576	40.4777805	2580.198	1	60.8	54663.8036	54689.7042	24023.3203125	13134.0644531	48442.1210938	-0.708	-0.379	-80.024	5048
1728563747.08052	123547.0	43553.85	77.8373572	40.4777804	2580.1902	1	60.74	54663.8595	54688.5863	22103.0195313	15273.6474609	48703.609375	-0.308	-0.736	-70.183	5049
1728563747.17723	123547.1	43553.95	77.8373569	40.4777802	2580.1833	1	60.67	54664.8892	54686.0012	19601.8554688	17700.4179688	48864.765625	-0.406	-0.752	-65.235	5050
1728563747.27717	123547.2	43554.05	77.8373566	40.4777801	2580.178	1	60.65	54665.0464	54683.8408	16492.0527344	20236.03125	48919.8164063	-0.697	-0.571	-54.883	5051
1728563747.37792	123547.3	43554.15	77.8373563	40.4777799	2580.1809	1	60.64	54667.0725	54682.6133	13610.890625	21994.2167969	48845.265625	-0.857	-0.22	-49.837	5052
1728563747.47786	123547.4	43554.25	77.837356	40.4777797	2580.1836	1	60.59	54667.6267	54680.5095	11041.9521484	23911.0214844	48640.4609375	-1.071	0.73	-39.759	5053
1728563747.57781	123547.5	43554.35	77.8373558	40.4777794	2580.1809	1	60.48	54669.7749	54679.4485	7204.1166992	25479.9160156	48453.8945313	-1.208	0.923	-34.306	5054
1728563747.67776	123547.6	43554.45	77.8373556	40.4777791	2580.1741	1	60.53	54671.7884	54677.7537	4339.390625	25924.0410156	48496.5390625	-1.395	0.835	-24.224	5055
1728563747.7777	123547.7	43554.55	77.8373556	40.4777788	2580.166	1	60.83	54672.8788	54676.8285	594.3839722	25894.2773438	48608.6445313	-1.961	1.071	-19.265	5056
1728563747.87765	123547.8	43554.65	77.8373556	40.4777786	2580.155	1	60.94	54675.1968	54675.7354	-1844.7235107	25516.9257813	48719.9921875	-2.751	1.439	-9.034	5057
1728563747.9776	123547.9	43554.75	77.8373556	40.4777782	2580.1462	1	61.07	54676.1482	54675.1899	-4646.7290039	25064.9765625	48699.3632813	-3.081	2.103	-4.163	5058
1728563748.07757	123548.0	43554.85	77.8373556	40.4777779	2580.1433	1	61.09	54678.8353	54674.5867	-7971.8071289	24092.6699219	48679.1757813	-2.773	2.779	5.64	5059
1728563748.17749	123548.1	43554.95	77.8373557	40.4777775	2580.1404	1	60.99	54680.1475	54673.7528	-10390.6943359	23056.96875	48665.5585938	-2.438	3.158	15.953	5060
1728563748.27744	123548.2	43555.05	77.8373558	40.4777772	2580.1326	1	61.06	54682.8345	54673.704	-13394.9228516	21116.4101563	48742.109375	-1.867	3.284	20.989	5061
1728563748.37738	123548.3	43555.15	77.837356	40.4777768	2580.1243	1	60.98	54683.9812	54673.351	-16429.5175781	18708.3515625	48737.4296875	-0.879	3.421	31.094	5062
1728563748.47733	123548.4	43555.25	77.8373563	40.4777764	2580.1199	1	60.82	54687.8539	54673.4357	-19778.2382813	15457.1699219	48563.765625	-0.253	3.482	36.162	5063
1728563748.5848	123548.5	43555.35	77.8373566	40.4777761	2580.1211	1	60.81	54691.3461	54673.3821	-21792.2148438	12905.0498047	48413.4570313	0.741	3.69	46.69	5064
1728563748.68474	123548.6	43555.45	77.8373571	40.4777757	2580.1228	1	60.8	54692.6149	54673.6145	-23698.5664063	9701.7958984	48238.28125	1.12	3.872	51.726	5065
1728563748.78542	123548.7	43555.55	77.8373576	40.4777754	2580.1201	1	60.87	54695.2026	54674.05	-24979.9863281	6119.5664063	48182.5585938	1.422	4.745	61.792	5066
1728563748.88536	123548.8	43555.65	77.8373583	40.4777752	2580.1179	1	61	54695.3566	54674.7196	-25451.9042969	3631.2421875	48234.9101563	1.521	5.195	67.212	5067
1728563748.9836	123548.9	43555.75	77.837359	40.4777751	2580.1189	1	61.03	54694.9536	54675.101	-25409.7851563	753.383667	48376.03125	1.598	6.134	77.245	5068
1728563749.08358	123549.0	43555.85	77.8373597	40.477775	2580.126	1	61.02	54694.4253	54675.8191	-24954.8671875	-2167.5979004	48603.7578125	1.922	6.266	82.215	5069
1728563749.18415	123549.1	43555.95	77.8373602	40.4777749	2580.1377	1	61.02	54692.4396	54676.1217	-24087.9316406	-5764.5595703	48810.359375	2.735	5.871	92.457	5070
1728563749.2841	123549.2	43556.05	77.8373607	40.4777749	2580.1511	1	60.98	54690.7733	54677.2642	-23153.8574219	-8655.3759766	48783.6992188	3.218	5.349	97.317	5071
1728563749.38407	123549.3	43556.15	77.837361	40.477775	2580.1616	1	60.98	54689.2616	54677.8962	-22117.3925781	-11983.6806641	48712.8085938	4.025	4.701	106.878	5072
1728563749.48399	123549.4	43556.25	77.8373613	40.477775	2580.1685	1	60.94	54686.8633	54679.1242	-20407.8476563	-14934.5019531	48708.265625	4.218	4.618	111.579	5073
1728563749.58393	123549.5	43556.35	77.8373616	40.4777752	2580.1672	1	60.89	54685.4933	54679.6178	-17752.5332031	-17561.6816406	48959.3632813	4.256	4.525	121.288	5074
1728563749.68388	123549.6	43556.45	77.8373619	40.4777754	2580.1636	1	60.88	54682.2978	54680.8454	-15002.9160156	-19156.4746094	49252.8867188	4.064	4.322	125.956	5075
1728563749.78383	123549.7	43556.55	77.8373621	40.4777757	2580.1616	1	60.84	54680.844	54681.4819	-12418.9101563	-20583.1953125	49575.3320313	3.723	4.41	135.314	5076
1728563749.8809	123549.8	43556.65	77.8373623	40.4777761	2580.1582	1	60.64	54678.1633	54682.1056	-9169.0458984	-21760.0585938	49883.5820313	3.74	4.487	140.355	5077
1728563749.98088	123549.9	43556.75	77.8373624	40.4777764	2580.1523	1	60.65	54676.6556	54683.0716	-5368.9814453	-22727.71875	50060.5898438	3.46	3.91	149.735	5078
1728563750.0808	123550.0	43556.85	77.8373624	40.4777768	2580.1436	1	60.66	54674.3824	54683.5077	-2119.730957	-23458.6054688	50075.3867188	3.388	3.696	154.425	5079
1728563750.18342	123550.1	43556.95	77.8373622	40.4777772	2580.1333	1	60.63	54672.0835	54684.5	571.0211792	-23649.9160156	50114.3945313	3.487	3.586	164.2	5080
1728563750.2834	123550.2	43557.05	77.8373621	40.4777776	2580.124	1	60.62	54671.5011	54685.3421	4253.1811523	-23237.9492188	50263.5898438	3.762	3.624	168.934	5081
1728563750.38419	123550.3	43557.15	77.8373619	40.477778	2580.1169	1	60.59	54669.4527	54686.4323	7397.1748047	-22326.1347656	50412.7617188	3.405	3.701	178.423	5082
1728563750.48414	123550.4	43557.25	77.8373617	40.4777784	2580.1108	1	60.53	54668.7034	54687.9202	10102.2246094	-21160.9824219	50428.1796875	3.119	3.542	-176.726	5083
1728563750.58411	123550.5	43557.35	77.8373614	40.4777786	2580.1077	1	60.58	54667.6756	54688.5657	13973.8046875	-19377.6054688	50300.7421875	2.125	3.24	-166.874	5084
1728563750.68403	123550.6	43557.45	77.837361	40.4777789	2580.104	1	60.49	54667.4259	54689.9641	17178.9492188	-18045.8046875	49980.3125	1.845	2.74	-162.124	5085
1728563750.78398	123550.7	43557.55	77.8373606	40.4777792	2580.0974	1	60.51	54666.3264	54690.8214	19649.421875	-16155.5019531	49593.6171875	1.131	2.191	-152.646	5086
1728563750.88392	123550.8	43557.65	77.8373602	40.4777794	2580.0994	1	60.63	54665.3247	54692.5171	22185.4882813	-14026.8720703	49275.6210938	0.807	1.851	-147.549	5087
1728563750.98387	123550.9	43557.75	77.8373599	40.4777796	2580.1072	1	60.66	54664.5681	54693.0698	24474.9355469	-11568.8232422	48950.6679688	0.637	1.329	-138.104	5088
1728563751.08385	123551.0	43557.85	77.8373595	40.4777798	2580.1128	1	60.52	54664.5438	54693.9659	25764.6582031	-8902.2382813	48830.5898438	0.758	0.956	-133.397	5089
1728563751.18376	123551.1	43557.95	77.8373592	40.47778	2580.1128	1	60.54	54664.181	54694.0561	26482.8066406	-5906.5766602	48821.40625	0.906	0.516	-123.677	5090
1728563751.28129	123551.2	43558.05	77.8373588	40.4777802	2580.1067	1	60.62	54663.1648	54694.1777	27072.9882813	-2233.6325684	48778.8515625	0.999	0.472	-119.009	5091
1728563751.38123	123551.3	43558.15	77.8373583	40.4777802	2580.0984	1	60.69	54663.2028	54693.5316	27374.7753906	558.5623779	48678.8164063	0.582	0.472	-109.717	5092
1728563751.48199	123551.4	43558.25	77.8373578	40.4777802	2580.0947	1	60.69	54663.2384	54693.6291	27414.8398438	3846.3103027	48472.6757813	0.582	0.472	-109.717	5093
1728563751.58194	123551.5	43558.35	77.8373573	40.4777802	2580.0955	1	60.86	54662.8153	54692.3204	27089.8457031	7035.7954102	48229.3554688	0.582	0.472	-109.717	5094
1728563751.68191	123551.6	43558.45	77.8373568	40.4777802	2580.1033	1	60.7	54663.3101	54691.9154	26479.9824219	10100.2041016	48052.8359375	0.582	0.472	-109.717	5095
1728563751.78183	123551.7	43558.55	77.8373564	40.4777803	2580.1123	1	60.8	54663.4272	54690.2879	24982.6464844	13785.4091797	47891.546875	-1.247	0.346	-78.272	5096
1728563751.88178	123551.8	43558.65	77.837356	40.4777803	2580.1189	1	60.85	54663.2522	54689.5613	23062.3359375	16080.9394531	47921.8359375	-1.461	0.549	-73.462	5097
1728563751.98173	123551.9	43558.75	77.8373556	40.4777803	2580.1287	1	60.93	54664.6839	54686.942	20718.1503906	18577.0585938	48015.5234375	-1.505	0.417	-63.456	5098
1728563752.08167	123552.0	43558.85	77.8373552	40.4777802	2580.1418	1	60.94	54664.8234	54684.4858	18549.0292969	20719.2734375	48121.2226563	-1.428	0.456	-58.64	5099
1728563752.18166	123552.1	43558.95	77.8373548	40.47778	2580.1531	1	60.94	54666.5038	54683.0515	15314.6220703	22729.4414063	48087.6015625	-1.818	0.774	-48.925	5100
1728563752.2816	123552.2	43559.05	77.8373545	40.4777797	2580.1655	1	60.9	54667.1608	54680.9984	12398.4560547	24371.7597656	48063.0429688	-1.966	0.934	-44.065	5101
1728563752.38151	123552.3	43559.15	77.8373542	40.4777795	2580.1709	1	60.9	54668.9745	54680.2622	9320.5146484	25680.7460938	48008.828125	-2.521	1.538	-34.021	5102
1728563752.48146	123552.4	43559.25	77.8373539	40.4777793	2580.1714	1	60.93	54670.8465	54678.3604	6086.8461914	26337.3613281	48110.4023438	-2.521	1.615	-29.144	5103
1728563752.58141	123552.5	43559.35	77.8373537	40.4777791	2580.1733	1	60.96	54672.0076	54677.5223	3312.9802246	26594.0996094	48187.203125	-2.345	1.741	-19.479	5104
1728563752.67861	123552.6	43559.45	77.8373535	40.4777789	2580.1816	1	61.02	54674.349	54676.1436	-632.1218872	26358.3515625	48335.5820313	-2.411	1.933	-14.273	5105
1728563752.77856	123552.7	43559.55	77.8373534	40.4777786	2580.1921	1	61.08	54675.416	54675.4903	-3705.4265137	25957.6015625	48345.7890625	-2.707	2.691	-4.734	5106
1728563752.8793	123552.8	43559.65	77.8373534	40.4777784	2580.2012	1	61.16	54678.0562	54674.5968	-6112.6064453	25213.8925781	48357.9765625	-2.746	3.169	0.033	5107
1728563752.97925	123552.9	43559.75	77.8373533	40.4777781	2580.2021	1	61.15	54679.2651	54673.8613	-9551.7216797	24103.4082031	48387.53125	-2.306	3.751	10.022	5108
1728563753.07919	123553.0	43559.85	77.8373534	40.4777779	2580.1975	1	61.13	54682.2324	54673.7574	-12612.5976563	22507.78125	48386.6484375	-1.982	3.905	14.844	5109
1728563753.17914	123553.1	43559.95	77.8373534	40.4777776	2580.1902	1	61.02	54683.3481	54673.2236	-15659.2412109	20474.984375	48345.3710938	-0.769	3.954	24.504	5110
1728563753.27911	123553.2	43600.05	77.8373536	40.4777774	2580.1809	1	60.84	54686.5791	54673.266	-18097.421875	18291.8027344	48314.765625	-0.769	3.954	24.504	5111
1728563753.3791	123553.3	43600.15	77.8373538	40.4777771	2580.1802	1	60.82	54690.4629	54673.1663	-21178.7421875	15084.2412109	48103.0546875	-0.769	3.954	24.504	5112
1728563753.47898	123553.4	43600.25	77.8373542	40.4777769	2580.1833	1	60.92	54691.6596	54673.3327	-23169.6914063	12311.3398438	47934.2851563	-0.769	3.954	24.504	5113
1728563753.57896	123553.5	43600.35	77.8373546	40.4777767	2580.1882	1	61.03	54694.2098	54673.5137	-24465.7402344	9716.4208984	47875.0234375	-0.769	3.954	24.504	5114
1728563753.67888	123553.6	43600.45	77.8373551	40.4777766	2580.1985	1	61.12	54695.2883	54673.9635	-25172.3242188	7495.6298828	47891.9804688	1.521	5.525	60.523	5115
1728563753.77885	123553.7	43600.55	77.8373557	40.4777766	2580.2156	1	61.13	54695.8935	54674.1524	-25794.9003906	4206.6435547	47973.9492188	1.521	5.525	60.523	5116
1728563753.87877	123553.8	43600.65	77.8373562	40.4777766	2580.2351	1	61.19	54695.6812	54674.9533	-25900.421875	1078.9925537	48101.78125	1.521	5.525	60.523	5117
1728563753.97636	123553.9	43600.75	77.8373568	40.4777768	2580.2561	1	61.05	54695.3222	54675.4716	-25477.0136719	-1958.8065186	48280.7070313	1.521	5.525	60.523	5118
1728563754.0763	123554.0	43600.85	77.8373574	40.4777769	2580.2808	1	61.02	54692.8834	54676.3788	-24442.0976563	-5021.4345703	48694.9140625	1.521	5.525	60.523	5119
1728563754.17702	123554.1	43600.95	77.8373579	40.4777771	2580.3062	1	60.95	54690.1162	54676.8378	-22930.6015625	-8030.1601563	49079.7421875	1.982	5.728	96.06	5120
1728563754.277	123554.2	43601.05	77.8373584	40.4777774	2580.3262	1	60.91	54687.7714	54677.7899	-21297.3398438	-11055.9277344	49282.6992188	2.158	5.612	100.75	5121
1728563754.37692	123554.3	43601.15	77.8373589	40.4777776	2580.3425	1	60.92	54687.3198	54678.4883	-19552.5957031	-13405.5195313	49353.109375	2.158	5.612	100.75	5122
1728563754.47689	123554.4	43601.25	77.8373594	40.4777779	2580.3582	1	60.97	54684.1964	54679.4487	-17575.4667969	-16250.0976563	49452.15625	2.158	5.612	100.75	5123
1728563754.57684	123554.5	43601.35	77.8373598	40.4777782	2580.3723	1	60.92	54683.098	54680.5313	-15194.3457031	-17992.2089844	49714.9179688	2.158	5.612	100.75	5124
1728563754.67676	123554.6	43601.45	77.8373602	40.4777784	2580.3884	1	60.88	54680.6213	54680.9127	-12555.0136719	-19401.453125	50002.1875	3.421	5.717	131.448	5125
1728563754.77671	123554.7	43601.55	77.8373605	40.4777787	2580.4045	1	60.82	54679.4257	54681.8253	-10267.4492188	-20622.1835938	50102.4570313	3.899	4.91	141.119	5126
1728563754.87665	123554.8	43601.65	77.8373607	40.477779	2580.4143	1	60.68	54676.7966	54682.4202	-7035.7216797	-22431.984375	49989.7421875	3.938	4.311	145.693	5127
1728563754.97663	123554.9	43601.75	77.8373608	40.4777792	2580.4111	1	60.68	54674.5802	54683.6308	-4289.9956055	-23473.8535156	49904.3828125	4.706	3.679	154.875	5128
1728563755.07655	123555.0	43601.85	77.8373608	40.4777794	2580.4001	1	60.74	54673.5952	54684.092	-1585.2526855	-23915.4863281	49926.3320313	5.085	3.564	159.411	5129
1728563755.18416	123555.1	43601.95	77.8373608	40.4777795	2580.3911	1	60.68	54672.179	54684.6836	1296.2541504	-23654.7304688	50128.9179688	4.575	3.773	168.802	5130
1728563755.28411	123555.2	43602.05	77.8373607	40.4777797	2580.3831	1	60.73	54671.4218	54685.7355	4664.8603516	-22592.5585938	50500.6171875	4.031	4.119	173.327	5131
1728563755.38231	123555.3	43602.15	77.8373605	40.4777799	2580.3672	1	60.62	54669.2014	54686.4591	8573	-21391.8613281	50711.8984375	2.18	4.322	-177.495	5132
1728563755.48226	123555.4	43602.25	77.8373602	40.47778	2580.3521	1	60.63	54668.2558	54687.976	12557.2861328	-19621.5039063	50588.53125	1.302	4.256	-172.641	5133
1728563755.58294	123555.5	43602.35	77.8373599	40.4777802	2580.3401	1	59.99	54667.5071	54689.044	16130.6640625	-17997.6972656	50250.25	0.659	3.773	-163.733	5134
1728563755.68289	123555.6	43602.45	77.8373596	40.4777802	2580.3264	1	60.57	54666.4806	54690.8639	18860.4746094	-16748.0097656	49785.9804688	0.675	2.9	-159.626	5135
1728563755.78284	123555.7	43602.55	77.8373594	40.4777803	2580.3152	1	60.57	54666.1622	54691.2692	20339.6347656	-16037.3505859	49404.7304688	1.302	0.758	-152.75	5136
1728563755.88278	123555.8	43602.65	77.8373594	40.4777804	2580.3157	1	60.48	54666.6331	54692.2111	21177.0898438	-15691.6416016	49216.9960938	1.889	0.132	-150.531	5137
1728563755.98273	123555.9	43602.75	77.8373594	40.4777804	2580.3206	1	60.48	54666.0563	54692.305	21143.0410156	-15495.3427734	49298.6640625	2.74	-0.428	-147.89	5138
1728563756.08268	123556.0	43602.85	77.8373594	40.4777804	2580.3271	1	60.45	54665.9142	54692.0381	21026.7949219	-15068.3417969	49497.5195313	2.982	-0.231	-147.132	5139
1728563756.18262	123556.1	43602.95	77.8373592	40.4777804	2580.3328	1	60.41	54665.8473	54691.9911	21284.7539063	-14185.1201172	49664.4882813	2.515	0.5	-146.292	5140
1728563756.28257	123556.2	43603.05	77.837359	40.4777804	2580.335	1	60.51	54665.5877	54692.1186	21901.53125	-13669.5078125	49480.0664063	1.889	0.868	-146.176	5141
1728563756.38252	123556.3	43603.15	77.8373588	40.4777804	2580.3337	1	60.68	54665.4116	54692.815	22930.1269531	-13287.0146484	49198.828125	1.131	1.378	-146.187	5142
1728563756.48246	123556.4	43603.25	77.8373586	40.4777805	2580.3311	1	60.73	54664.9585	54692.8492	23727.3535156	-13166.7529297	48859.71875	0.983	1.422	-146.286	5143
1728563756.58241	123556.5	43603.35	77.8373584	40.4777806	2580.3311	1	60.69	54665.0276	54693.8918	23771.6601563	-13072.0742188	48845.9414063	1.153	2.092	-146.764	5144
1728563756.68236	123556.6	43603.45	77.8373583	40.4777807	2580.3362	1	60.62	54664.9582	54693.3827	23171.3417969	-13100.3164063	49170.7070313	1.576	2.603	-147.214	5145
1728563756.77935	123556.7	43603.55	77.8373582	40.4777809	2580.342	1	60.51	54665.1379	54692.6739	22090.3984375	-13183.5146484	49555.4453125	2.554	2.998	-148.703	5146
1728563756.87932	123556.8	43603.65	77.8373581	40.477781	2580.3474	1	60.52	54665.7177	54691.7162	21002.4375	-13513.1308594	49897.4414063	3.097	2.768	-149.702	5147
1728563756.98003	123556.9	43603.75	77.8373581	40.4777811	2580.3508	1	60.58	54665.65	54691.3531	20028.6679688	-14442.0273438	50079.2539063	3.405	2.438	-152.585	5148
1728563757.07996	123557.0	43603.85	77.837358	40.4777812	2580.3499	1	60.58	54665.8322	54691.1957	19155.7519531	-15696.9140625	50026.3125	3.399	2.169	-154.425	5149
1728563757.17994	123557.1	43603.95	77.837358	40.4777812	2580.3481	1	60.52	54666.148	54690.9796	18419.1777344	-16771.8554688	49951.5742188	2.801	2.455	-158.906	5150
1728563757.27986	123557.2	43604.05	77.8373579	40.4777812	2580.3433	1	60.5	54666.4797	54690.514	17668.0761719	-17578.9492188	49872.109375	2.614	2.63	-161.421	5151
1728563757.3798	123557.3	43604.15	77.8373578	40.4777813	2580.3357	1	60.5	54666.7554	54690.3401	16609.8339844	-18749.2050781	49856.0273438	2.048	3.086	-167.083	5152
1728563757.47975	123557.4	43604.25	77.8373577	40.4777813	2580.3335	1	60.59	54667.1303	54689.866	15181.4941406	-19746.5898438	49909.8984375	1.971	3.476	-170.45	5153
1728563757.57973	123557.5	43604.35	77.8373577	40.4777813	2580.3367	1	60.58	54667.4718	54689.3551	13319.0556641	-20219.5390625	50125.3476563	1.818	4.47	-177.221	5154
1728563757.67964	123557.6	43604.45	77.8373576	40.4777812	2580.3389	1	60.56	54667.8791	54688.2383	11221.3232422	-20802.5332031	50351.6914063	1.889	4.618	179.088	5155
1728563757.77959	123557.7	43604.55	77.8373575	40.4777812	2580.3352	1	60.55	54668.4437	54687.2345	8778.6435547	-21891.6015625	50392.6210938	2.103	4.223	171.356	5156
1728563757.87953	123557.8	43604.65	77.8373575	40.4777811	2580.3311	1	60.53	54669.885	54686.7449	6035.3540039	-22942.0527344	50248.3945313	2.186	3.866	167.577	5157
1728563757.97951	123557.9	43604.75	77.8373573	40.4777809	2580.3264	1	60.54	54670.5193	54685.7369	3245.3164063	-23687.234375	50053.7539063	2.213	3.46	159.768	5158
1728563758.07619	123558.0	43604.85	77.8373572	40.4777808	2580.3208	1	60.57	54671.8367	54685.4057	562.7502441	-24573.7285156	49672.03125	1.582	3.042	151.35	5159
1728563758.17613	123558.1	43604.95	77.837357	40.4777807	2580.3152	1	60.56	54673.3377	54684.579	-1941.3006592	-24802.3613281	49436.7226563	1.186	3.108	147.231	5160
1728563758.27679	123558.2	43605.05	77.8373568	40.4777806	2580.3125	1	60.54	54674.1634	54684.3957	-4380.3203125	-24509.0292969	49386.3164063	0.5	3.745	138.928	5161
1728563758.37674	123558.3	43605.15	77.8373566	40.4777805	2580.311	1	60.5	54675.5997	54683.3345	-7285.3100586	-23269.6933594	49571.4296875	0.264	4.124	134.748	5162
1728563758.47669	123558.4	43605.25	77.8373564	40.4777804	2580.3076	1	60.57	54676.7353	54682.4057	-9325.0097656	-21725.8554688	49778.0507813	-0.236	5.294	125.868	5163
1728563758.57663	123558.5	43605.35	77.8373562	40.4777804	2580.3049	1	60.62	54679.086	54682.0154	-11708.1142578	-20037.0136719	50048.8046875	-0.61	5.772	121.514	5164
1728563758.67658	123558.6	43605.45	77.8373559	40.4777804	2580.3032	1	60.65	54680.1282	54680.704	-13882.2148438	-17666.9160156	50262.203125	-0.895	6.892	112.705	5165
1728563758.77653	123558.7	43605.55	77.8373557	40.4777806	2580.3071	1	60.72	54682.4741	54680.2191	-16021.2207031	-14602.2060547	50432.0195313	-0.862	7.167	107.966	5166
1728563758.87653	123558.8	43605.65	77.8373556	40.4777807	2580.3147	1	60.85	54685.005	54678.9576	-18295.1601563	-12164.3671875	50234.5898438	-0.813	7.414	103.55	5167
1728563758.97642	123558.9	43605.75	77.8373554	40.4777808	2580.3252	1	60.76	54686.0509	54678.4952	-20318.9492188	-9995.9775391	49964.2226563	-0.813	7.414	103.55	5168
1728563759.07637	123559.0	43605.85	77.8373552	40.477781	2580.3347	1	60.92	54688.4619	54677.3275	-22138.1035156	-6889.1699219	49630.9726563	-0.813	7.414	103.55	5169
1728563759.17634	123559.1	43605.95	77.8373549	40.4777811	2580.3435	1	60.95	54689.7297	54676.8879	-22968.8183594	-3977.1350098	49508.4921875	-0.813	7.414	103.55	5170
1728563759.27629	123559.2	43606.05	77.8373547	40.4777814	2580.3479	1	60.97	54691.1329	54675.9312	-23465.9179688	-1616.1320801	49416.5039063	-2.191	6.722	73.994	5171
1728563759.37622	123559.3	43606.15	77.8373544	40.4777816	2580.3511	1	61.01	54691.6457	54675.0416	-23486.4765625	1322.6467285	49398.8085938	-2.817	6.595	65.175	5172
1728563759.48298	123559.4	43606.25	77.8373541	40.4777819	2580.353	1	61.03	54691.9472	54674.9213	-23066.4257813	4575.1606445	49386.8359375	-3.262	6.37	60.825	5173
1728563759.58293	123559.5	43606.35	77.8373538	40.4777821	2580.3594	1	61.06	54691.1206	54674.2366	-22486.6933594	7389.0205078	49371.28125	-3.872	5.887	51.847	5174
1728563759.68287	123559.6	43606.45	77.8373535	40.4777824	2580.3682	1	61.14	54690.7831	54674.1486	-21685.1972656	9652.8212891	49265.734375	-4.009	5.958	47.552	5175
1728563759.78353	123559.7	43606.55	77.8373532	40.4777826	2580.3784	1	61.03	54689.5883	54673.7839	-20903.8066406	12707.7646484	48894.234375	-3.487	5.98	39.007	5176
1728563759.88347	123559.8	43606.65	77.837353	40.4777828	2580.3892	1	61.19	54689.4356	54673.3404	-19895.71875	16040.4501953	48310.75	-3.251	5.893	34.724	5177
1728563759.98342	123559.9	43606.75	77.8373528	40.4777831	2580.4036	1	61.33	54688.3262	54673.0329	-18902.2792969	18761.59375	47920.375	-3.141	5.585	25.778	5178
1728563760.084	123600.0	43606.85	77.8373526	40.4777834	2580.4067	1	61.32	54687.3447	54673.018	-17207.9277344	20589.0449219	47679.7148438	-3.031	5.195	21.494	5179
1728563760.18391	123600.1	43606.95	77.8373524	40.4777837	2580.4016	1	61.31	54684.8756	54672.9895	-14947.8730469	22482.6328125	47635.3984375	-3.597	4.349	12.872	5180
1728563760.28386	123600.2	43607.05	77.8373522	40.477784	2580.396	1	61.29	54683.8991	54673.3914	-11704.6240234	24145.7695313	47791.9921875	-3.773	4.069	8.254	5181
1728563760.38381	123600.3	43607.15	77.8373521	40.4777844	2580.395	1	61.29	54680.8785	54673.8168	-9205.1630859	25141.0410156	47888.8671875	-4.646	3.207	-0.297	5182
1728563760.48455	123600.4	43607.25	77.8373519	40.4777846	2580.3945	1	61.24	54678.5231	54674.1665	-6230.1523438	26027.3886719	47955.7148438	-4.684	2.878	-4.558	5183
1728563760.5845	123600.5	43607.35	77.8373518	40.4777849	2580.3909	1	61.21	54677.2454	54674.6212	-2993.8896484	27087.0273438	47735.484375	-4.168	3.026	-13.504	5184
1728563760.67448	123600.6	43607.45	77.8373517	40.4777852	2580.3909	1	61.15	54674.7383	54675.1257	-483.3190918	28134.3007813	47264.3632813	-3.542	3.388	-17.842	5185
1728563760.78444	123600.7	43607.55	77.8373516	40.4777854	2580.3914	1	61.25	54673.9236	54675.577	1573.9360352	28900.1894531	46824.96875	-2.504	4.135	-26.645	5186
1728563760.88187	123600.8	43607.65	77.8373516	40.4777857	2580.4021	1	61.15	54672.7203	54676.3979	4007.9550781	29397.6289063	46388.9414063	-1.884	4.399	-31.039	5187
1728563760.98182	123600.9	43607.75	77.8373516	40.4777861	2580.427	1	61.2	54671.869	54677.3863	6798.9760742	29190.9726563	46290.7617188	-0.719	4.278	-40.215	5188
1728563761.08257	123601.0	43607.85	77.8373518	40.4777865	2580.4587	1	60.95	54669.5944	54677.9593	8884.9941406	28307.8125	46544.6601563	-0.533	3.866	-44.669	5189
1728563761.18252	123601.1	43607.95	77.8373521	40.477787	2580.4917	1	60.88	54669.1833	54679.6679	11713.2558594	26606.4550781	47010.2421875	-0.824	2.268	-53.659	5190
1728563761.28247	123601.2	43608.05	77.8373525	40.4777875	2580.5217	1	60.71	54667.0309	54680.9989	15346.5234375	23739.8710938	47608.4726563	-0.999	1.587	-58.491	5191
1728563761.38242	123601.3	43608.15	77.837353	40.4777879	2580.5593	1	60.62	54665.432	54683.5087	18231.0332031	20845.9824219	48046.7460938	-1.203	0	-67.459	5192
1728563761.48236	123601.4	43608.25	77.8373537	40.4777883	2580.6047	1	60.65	54664.674	54684.6798	20246.2929688	18224.4238281	48378.6171875	-1.203	0	-67.459	5193
1728563761.58231	123601.5	43608.35	77.8373542	40.4777887	2580.6584	1	60.54	54663.75	54687.1995	22156.5351563	15272.9335938	48646.0117188	-1.203	0	-67.459	5194
1728563761.68225	123601.6	43608.45	77.8373548	40.4777889	2580.7131	1	60.49	54664.1058	54688.8823	23838.8105469	11985.9492188	48839.625	-1.203	0	-67.459	5195
1728563761.7822	123601.7	43608.55	77.8373553	40.477789	2580.7595	1	60.53	54663.0003	54689.8085	24656.6621094	9774.8212891	49005.5859375	0.747	-0.582	-97.405	5196
1728563761.88215	123601.8	43608.65	77.8373558	40.4777891	2580.7979	1	60.53	54663.2896	54691.0539	25395.5917969	7044.6352539	49116.0976563	0.829	-0.192	-101.991	5197
1728563761.98209	123601.9	43608.75	77.8373563	40.477789	2580.8237	1	60.57	54663.0756	54691.9397	25991.5703125	3792.6242676	49213.9296875	1.038	0.472	-111.178	5198
1728563762.08207	123602.0	43608.85	77.8373567	40.477789	2580.8447	1	60.62	54663.2452	54692.816	26202.8652344	1391.0819092	49274.5507813	0.945	0.571	-116.148	5199
1728563762.17937	123602.1	43608.95	77.8373572	40.4777888	2580.8704	1	60.61	54663.8332	54692.8954	26011.9199219	-2202.8920898	49365.8476563	1.17	0.923	-125.418	5200
1728563762.27929	123602.2	43609.05	77.8373576	40.4777886	2580.9092	1	60.57	54663.4231	54693.3253	25393.640625	-5319.4887695	49470.8046875	1.175	1.049	-130.091	5201
1728563762.37999	123602.3	43609.15	77.8373581	40.4777883	2580.9478	1	60.52	54664.231	54693.3271	24604.5019531	-7958.8408203	49540.171875	1.302	1.109	-139.905	5202
1728563762.47993	123602.4	43609.25	77.8373585	40.4777881	2580.9749	1	60.46	54664.8121	54692.8108	23302.5410156	-10908.7548828	49594.4609375	1.565	1.192	-144.617	5203
1728563762.57988	123602.5	43609.35	77.8373589	40.4777878	2580.9924	1	60.46	54665.0355	54692.1048	21185.7539063	-14177.4404297	49700.8085938	2.021	0.972	-154.03	5204
1728563762.67983	123602.6	43609.45	77.8373593	40.4777875	2581.0088	1	60.55	54666.0092	54691.6314	18939.6445313	-16542.4160156	49697.5664063	2.274	0.741	-158.736	5205
1728563762.77977	123602.7	43609.55	77.8373597	40.4777872	2581.0332	1	60.62	54666.5041	54690.2957	16749.5839844	-18987.7421875	49729.4960938	2.598	0.884	-168.429	5206
1728563762.87972	123602.8	43609.65	77.83736	40.4777869	2581.0601	1	60.62	54667.3249	54689.7054	13889.4521484	-20963.7148438	49746.1640625	2.878	1.131	-173.064	5207
1728563762.97967	123602.9	43609.75	77.8373602	40.4777865	2581.084	1	60.64	54668.3216	54688.2661	10322.3037109	-22422.5527344	49873.7539063	3.306	2.021	177.589	5208
1728563763.07961	123603.0	43609.85	77.8373603	40.4777862	2581.0984	1	60.67	54669.0929	54687.4142	7151.4707031	-23133.9003906	49975.5859375	3.3	2.477	172.602	5209
1728563763.17959	123603.1	43609.95	77.8373603	40.4777859	2581.1104	1	60.68	54670.3877	54686.3453	4623.2177734	-23648.2363281	50021.7929688	2.872	2.982	163.294	5210
1728563763.27951	123603.2	43610.05	77.8373603	40.4777856	2581.1182	1	60.68	54671.3353	54685.2002	1276.5588379	-24049.5390625	49935.7460938	2.334	3.268	158.615	5211
1728563763.37945	123603.3	43610.15	77.8373603	40.4777853	2581.1235	1	60.7	54672.7794	54684.6478	-1020.5699463	-23910.1582031	49937.4375	1.488	3.663	148.895	5212
1728563763.4794	123603.4	43610.25	77.8373602	40.477785	2581.1204	1	60.69	54673.5027	54683.7678	-3780.0778809	-23509.4394531	49893.0039063	1.142	3.795	144.238	5213
1728563763.57623	123603.5	43610.35	77.8373602	40.4777846	2581.1094	1	60.7	54675.3534	54683.353	-7072.7358398	-22519.1464844	49886.921875	0.588	4.426	135.001	5214
1728563763.67621	123603.6	43610.45	77.83736	40.4777844	2581.1008	1	60.72	54677.768	54682.2547	-9748.2382813	-21221.0136719	50030.9765625	0.286	4.756	130.421	5215
1728563763.77687	123603.7	43610.55	77.8373599	40.4777841	2581.0947	1	60.77	54679.0696	54681.8267	-11825.3896484	-19213.2890625	50217.8125	-0.22	5.794	121.003	5216
1728563763.87682	123603.8	43610.65	77.8373597	40.477784	2581.0886	1	60.8	54681.2365	54680.6727	-14180.5673828	-16900.0371094	50361.03125	-0.483	6.178	116.5	5217
1728563763.97679	123603.9	43610.75	77.8373595	40.4777838	2581.0845	1	60.84	54682.488	54680.1157	-16672.4023438	-13958.0703125	50401.9960938	-0.741	6.689	107.543	5218
1728563764.07671	123604.0	43610.85	77.8373593	40.4777837	2581.0859	1	61.02	54684.7683	54679.1663	-18718.2910156	-11720.5683594	50322.390625	-0.648	6.777	102.727	5219
1728563764.17669	123604.1	43610.95	77.837359	40.4777838	2581.0925	1	61.09	54685.7497	54677.8181	-20327.9570313	-8890.1025391	50087.8085938	-0.648	6.777	102.727	5220
1728563764.27661	123604.2	43611.05	77.8373587	40.4777838	2581.0994	1	61.16	54688.8671	54677.2381	-21966.2148438	-5961.0664063	49774.0351563	-0.648	6.777	102.727	5221
1728563764.37658	123604.3	43611.15	77.8373583	40.4777838	2581.1069	1	61.2	54689.9702	54676.2497	-23123.6777344	-2599.2919922	49516.3554688	-0.648	6.777	102.727	5222
1728563764.4765	123604.4	43611.25	77.8373579	40.4777838	2581.1111	1	61.19	54691.3949	54675.9629	-23365.6582031	-456.9661255	49474.515625	-1.73	6.206	73.368	5223
1728563764.57645	123604.5	43611.35	77.8373574	40.4777839	2581.1128	1	61.13	54691.1395	54675.1811	-23145.3828125	2028.8581543	49539.6328125	-2.466	5.492	68.563	5224
1728563764.67639	123604.6	43611.45	77.837357	40.477784	2581.1179	1	61.12	54691.0092	54675.0426	-22498.5234375	4766.0078125	49664.3632813	-3.273	4.366	59.755	5225
1728563764.77635	123604.7	43611.55	77.8373565	40.4777841	2581.1267	1	61.19	54690.568	54674.4493	-21815.703125	7086.5351563	49623.4023438	-3.509	4.234	50.957	5226
1728563764.88298	123604.8	43611.65	77.8373562	40.4777841	2581.1418	1	61.3	54690.039	54673.9221	-21193.5058594	10175.0703125	49387.640625	-3.191	4.388	46.24	5227
1728563764.98293	123604.9	43611.75	77.8373558	40.4777841	2581.1582	1	61.22	54689.7497	54673.6298	-20741.4726563	13454.1181641	48840.453125	-3.191	4.388	46.24	5228
1728563765.08359	123605.0	43611.85	77.8373555	40.4777842	2581.1748	1	61.38	54689.4125	54673.1637	-19759.5839844	17054.2265625	48135.6445313	-3.191	4.388	46.24	5229
1728563765.18134	123605.1	43611.95	77.8373552	40.4777842	2581.1895	1	61.52	54688.0018	54672.9823	-18312.4785156	19406.1738281	47664.2929688	-3.191	4.388	46.24	5230
1728563765.28129	123605.2	43612.05	77.8373548	40.4777843	2581.1909	1	61.53	54685.7205	54672.9326	-16555.140625	21541.6210938	47588.625	-2.433	4.119	16.876	5231
1728563765.38197	123605.3	43612.15	77.8373546	40.4777845	2581.1865	1	61.51	54684.5997	54672.9355	-13894.9453125	23146.3320313	47736.390625	-2.493	3.861	12.038	5232
1728563765.48192	123605.4	43612.25	77.8373543	40.4777846	2581.1838	1	61.5	54681.406	54673.516	-10351.7548828	24648.4023438	47958.2539063	-3.202	3.24	3.125	5233
1728563765.58189	123605.5	43612.35	77.8373541	40.4777848	2581.1858	1	61.52	54680.6439	54673.8331	-7360.15625	25787.9394531	47837.3710938	-3.202	3.24	3.125	5234
1728563765.68181	123605.6	43612.45	77.8373539	40.477785	2581.1873	1	61.56	54677.6529	54674.3496	-4916.9262695	27273.640625	47499.7226563	-3.202	3.24	3.125	5235
1728563765.78176	123605.7	43612.55	77.8373538	40.4777851	2581.1853	1	61.39	54676.5144	54675.056	-1490.7180176	28681.1875	46963.859375	-3.202	3.24	3.125	5236
1728563765.8817	123605.8	43612.65	77.8373536	40.4777852	2581.1807	1	61.28	54673.996	54675.4592	1270.9938965	29272.3242188	46570.2265625	-3.202	3.24	3.125	5237
1728563765.98169	123605.9	43612.75	77.8373535	40.4777855	2581.1755	1	61.43	54673.0309	54676.1455	3837.6403809	29412.6835938	46412.7539063	-1.093	4.278	-31.127	5238
1728563766.0816	123606.0	43612.85	77.8373535	40.4777858	2581.1736	1	61.24	54671.395	54676.9489	6455.4042969	28899.5566406	46559.1914063	-0.813	4.069	-35.701	5239
1728563766.18154	123606.1	43612.95	77.8373536	40.4777861	2581.176	1	61.17	54669.232	54678.391	9382.1640625	27547.5761719	46848.0234375	-0.654	3.108	-45.312	5240
1728563766.27908	123606.2	43613.05	77.8373538	40.4777865	2581.1792	1	60.91	54669.0698	54679.3181	12317.6308594	25967.5136719	47312.3085938	-0.505	2.4	-49.919	5241
1728563766.37903	123606.3	43613.15	77.837354	40.4777868	2581.1802	1	60.9	54667.1815	54681.3582	15055.8291016	23691.9960938	47806.3203125	-0.384	1.263	-59.15	5242
1728563766.47975	123606.4	43613.25	77.8373543	40.4777871	2581.1794	1	60.71	54666.4671	54683.5979	17140.5175781	21181.3300781	48157.4101563	0.082	0.445	-63.725	5243
1728563766.57971	123606.5	43613.35	77.8373546	40.4777874	2581.179	1	60.76	54664.6376	54684.71	19620.6230469	18713.5585938	48497.1796875	0.406	0.566	-73.297	5244
1728563766.67963	123606.6	43613.45	77.837355	40.4777877	2581.1838	1	60.76	54664.9161	54686.8374	21485.5820313	16101.0869141	48711.7148438	0.406	0.566	-73.297	5245
1728563766.77957	123606.7	43613.55	77.8373553	40.4777879	2581.1926	1	60.79	54663.8704	54687.8742	22874.6621094	13447.15625	48824.2617188	0.406	0.566	-73.297	5246
1728563766.87954	123606.8	43613.65	77.8373557	40.477788	2581.2019	1	60.73	54663.1971	54689.4959	24447.9726563	10032.3613281	48956.9921875	0.406	0.566	-73.297	5247
1728563766.97949	123606.9	43613.75	77.8373561	40.4777881	2581.2085	1	60.71	54663.224	54690.4288	25345.1132813	7546.4702148	49090.1132813	0.406	0.566	-73.297	5248
1728563767.07941	123607.0	43613.85	77.8373566	40.4777881	2581.2083	1	60.69	54663.1707	54691.7921	25788.9746094	4325.2358398	49284.8007813	1.691	1.225	-108.74	5249
1728563767.17939	123607.1	43613.95	77.8373569	40.4777881	2581.2078	1	60.73	54662.9181	54692.3221	25926.1582031	1274.6984863	49414.625	1.691	1.51	-113.457	5250
1728563767.2793	123607.2	43614.05	77.8373573	40.4777881	2581.2146	1	60.75	54663.9178	54693.0411	25805.4238281	-1784.3881836	49512.4140625	1.34	2.197	-122.991	5251
1728563767.37928	123607.3	43614.15	77.8373577	40.477788	2581.2349	1	60.73	54663.5751	54693.1211	25209.171875	-5159.6533203	49607.4726563	1.285	2.482	-128.114	5252
1728563767.4792	123607.4	43614.25	77.837358	40.4777878	2581.2571	1	60.69	54664.1447	54693.0485	24328.1796875	-7593.3911133	49688.9335938	1.148	2.867	-137.708	5253
1728563767.57914	123607.5	43614.35	77.8373584	40.4777876	2581.2615	1	60.7	54664.6296	54692.7786	22992.171875	-10400.7421875	49806.5703125	1.208	3.059	-142.503	5254
1728563767.67637	123607.6	43614.45	77.8373587	40.4777874	2581.2581	1	60.72	54665.0993	54692.3229	21538.0859375	-13010.1787109	49959.71875	1.043	3.064	-152.442	5255
1728563767.77628	123607.7	43614.55	77.837359	40.4777871	2581.2517	1	60.79	54665.9537	54691.216	19073.1933594	-15593.6171875	50045.1640625	1.378	2.845	-157.22	5256
1728563767.877	123607.8	43614.65	77.8373593	40.4777868	2581.2495	1	60.74	54666.4504	54690.6321	16543.03125	-18008.8359375	50099.3242188	1.626	2.718	-161.976	5257
1728563767.97694	123607.9	43614.75	77.8373595	40.4777864	2581.2505	1	60.72	54667.3884	54689.2403	13750.7441406	-20184.3066406	50059.9960938	1.626	2.718	-161.976	5258
1728563768.07689	123608.0	43614.85	77.8373597	40.4777861	2581.2532	1	60.73	54667.8834	54688.7239	11240.2324219	-21940.4707031	50001.8007813	1.626	2.718	-161.976	5259
1728563768.17681	123608.1	43614.95	77.8373598	40.4777858	2581.2539	1	60.81	54669.1129	54687.2696	7444.1235352	-22752.7871094	50143.2929688	1.626	2.718	-161.976	5260
1728563768.27681	123608.2	43615.05	77.8373598	40.4777855	2581.2539	1	60.83	54669.9888	54685.8635	4318.8134766	-23138.4199219	50260.1210938	1.796	3.85	162.025	5261
1728563768.3767	123608.3	43615.15	77.8373597	40.4777851	2581.2502	1	60.82	54671.3755	54685.5282	1996.0240479	-23390.3476563	50243.734375	1.444	3.767	157.363	5262
1728563768.47668	123608.4	43615.25	77.8373597	40.4777848	2581.241	1	60.75	54672.8551	54684.5626	-1128.0683594	-23719.3652344	50029.65625	0.643	3.268	147.665	5263
1728563768.5766	123608.5	43615.35	77.8373596	40.4777844	2581.238	1	60.71	54673.7793	54684.2246	-3834.6555176	-23655.7832031	49853.890625	0.643	3.268	147.665	5264
1728563768.67654	123608.6	43615.45	77.8373595	40.477784	2581.2378	1	60.7	54675.5651	54683.265	-6538.9604492	-23136.5839844	49723.609375	0.643	3.268	147.665	5265
1728563768.77652	123608.7	43615.55	77.8373593	40.4777837	2581.2363	1	60.78	54676.8274	54682.8823	-9205.5800781	-21784.5703125	49849.2421875	0.643	3.268	147.665	5266
1728563768.87645	123608.8	43615.65	77.8373591	40.4777835	2581.2358	1	60.78	54679.0616	54681.886	-11751.9326172	-20046.5488281	49937.6679688	0.643	3.268	147.665	5267
1728563768.98385	123608.9	43615.75	77.837359	40.4777833	2581.2356	1	60.84	54680.565	54680.7229	-14219.0234375	-17708.921875	50098.5507813	-1.027	5.058	112.068	5268
1728563769.08377	123609.0	43615.85	77.8373589	40.4777831	2581.2375	1	60.91	54682.9449	54680.3213	-16286.5390625	-15671.4609375	50065.3632813	-0.758	5.239	107.389	5269
1728563769.17452	123609.1	43615.95	77.8373588	40.477783	2581.2395	1	60.99	54684.4336	54679.0163	-19235.71875	-12303.8398438	49870.1601563	-0.275	5.958	97.938	5270
1728563769.27447	123609.2	43616.05	77.8373587	40.4777828	2581.2415	1	61.12	54687.1239	54678.2865	-21474.96875	-9086.3613281	49548.8203125	0.049	6.315	93.193	5271
1728563769.37441	123609.3	43616.15	77.8373585	40.4777827	2581.2439	1	61.24	54690.2774	54676.8635	-23172.3007813	-5674.1879883	49288.4726563	0	6.843	83.242	5272
1728563769.47438	123609.4	43616.25	77.8373583	40.4777826	2581.2456	1	61.32	54691.5982	54676.4435	-23987.8007813	-2934.4772949	49064.6640625	-0.445	6.771	78.432	5273
1728563769.57434	123609.5	43616.35	77.837358	40.4777826	2581.2458	1	61.35	54692.8728	54675.5084	-24291.7519531	894.7884521	48987.0078125	-1.334	6.788	68.838	5274
1728563769.67425	123609.6	43616.45	77.8373578	40.4777827	2581.2446	1	61.35	54692.6963	54675.1456	-23802.8046875	4149.5585938	49076.1953125	-2.087	6.744	63.681	5275
1728563769.77422	123609.7	43616.55	77.8373575	40.4777828	2581.2451	1	61.35	54691.934	54674.3943	-22826.9824219	7422.9301758	49135.0585938	-3.548	6.601	54.197	5276
1728563769.88414	123609.8	43616.65	77.8373573	40.4777829	2581.2478	1	61.36	54691.2502	54673.664	-21372.953125	10736.765625	49095.4492188	-4.058	6.535	49.529	5277
1728563769.98411	123609.9	43616.75	77.8373571	40.477783	2581.2524	1	61.17	54689.5622	54673.5792	-20201.5527344	13861.2792969	48919.7773438	-4.514	6.491	39.798	5278
1728563770.08403	123610.0	43616.85	77.8373569	40.477783	2581.2578	1	61.61	54688.3333	54673.336	-18738.5566406	16798.6855469	48591.2460938	-4.349	6.326	35.141	5279
1728563770.18167	123610.1	43616.95	77.8373566	40.4777831	2581.2671	1	61.3	54687.1218	54673.026	-17175.1933594	19464.1035156	48261.4296875	-3.811	5.997	25.767	5280
1728563770.28162	123610.2	43617.05	77.8373563	40.4777832	2581.2678	1	61.61	54684.8562	54672.9763	-15195.4785156	21888.75	47747.9609375	-3.377	5.81	21.06	5281
1728563770.38157	123610.3	43617.15	77.837356	40.4777834	2581.2666	1	61.61	54684.353	54673.1837	-13499.8779297	24095.2832031	47324.9882813	-2.938	5.552	11.258	5282
1728563770.48151	123610.4	43617.25	77.8373558	40.4777836	2581.2639	1	61.6	54682.016	54673.2425	-10917.28125	25799.3085938	47156.34375	-2.845	5.212	6.557	5283
1728563770.5822	123610.5	43617.35	77.8373556	40.4777838	2581.2612	1	61.56	54680.2697	54673.6884	-7632.1958008	26644.0507813	47297.7890625	-3.806	3.866	-2.746	5284
1728563770.68218	123610.6	43617.45	77.8373554	40.4777841	2581.2554	1	61.57	54677.5313	54674.2916	-3317.4726563	27035.4199219	47703.4804688	-4.141	3.487	-7.738	5285
1728563770.7821	123610.7	43617.55	77.8373553	40.4777844	2581.2449	1	61.59	54675.7303	54675.2872	-290.9663086	27466.6503906	47689.6171875	-4.415	3.405	-17.024	5286
1728563770.88207	123610.8	43617.65	77.8373552	40.4777846	2581.2314	1	61.44	54673.585	54675.9619	3367.6447754	28076.1308594	47298.6367188	-4.196	3.822	-21.692	5287
1728563770.98199	123610.9	43617.75	77.8373551	40.4777848	2581.2234	1	61.29	54671.3385	54677.064	5581.7436523	28699.5859375	46731.4609375	-2.845	4.646	-31.368	5288
1728563771.08194	123611.0	43617.85	77.837355	40.477785	2581.23	1	61.39	54670.5526	54677.6132	8309.6748047	28541.9804688	46530.8476563	-2.142	4.8	-35.998	5289
1728563771.18188	123611.1	43617.95	77.837355	40.4777853	2581.241	1	61.24	54668.721	54678.8397	10158.1875	27597.34375	46722.1914063	-0.802	4.19	-45.251	5290
1728563771.28183	123611.2	43618.05	77.837355	40.4777857	2581.2524	1	60.99	54668.6332	54679.4057	12368.4462891	26036.3808594	47222.6757813	-0.423	3.207	-49.87	5291
1728563771.38177	123611.3	43618.15	77.8373552	40.477786	2581.2566	1	60.87	54667.102	54681.4132	14606.7666016	23195.03125	48057.1132813	0.384	1.829	-59.507	5292
1728563771.48172	123611.4	43618.25	77.8373556	40.4777863	2581.2588	1	60.8	54666.7435	54683.4321	16919.84375	20414.8261719	48637.984375	0.45	1.247	-64.192	5293
1728563771.57916	123611.5	43618.35	77.837356	40.4777866	2581.2607	1	60.74	54665.0128	54684.5802	19239.0019531	17687.3066406	48928.8710938	0.45	1.247	-64.192	5294
1728563771.67911	123611.6	43618.45	77.8373564	40.4777868	2581.2695	1	60.76	54664.0375	54686.9482	21930.0488281	15027.3261719	48897.2109375	0.45	1.247	-64.192	5295
1728563771.77905	123611.7	43618.55	77.8373569	40.4777869	2581.2805	1	60.8	54663.9698	54688.0724	23723.3320313	12227.7148438	48792.3085938	0.45	1.247	-64.192	5296
1728563771.87903	123611.8	43618.65	77.8373573	40.4777869	2581.2891	1	60.85	54662.8637	54690.3983	25540.2109375	9237.375	48610.8125	-1.219	0.824	-95.428	5297
1728563771.97975	123611.9	43618.75	77.8373577	40.4777869	2581.2937	1	60.89	54663.5144	54691.4715	26782.1738281	6728.4428711	48498.0664063	-1.093	1.082	-104.951	5298
1728563772.07971	123612.0	43618.85	77.8373582	40.4777869	2581.2942	1	60.8	54663.044	54692.9937	27291.5507813	3174.5327148	48566.3164063	-0.862	1.285	-109.701	5299
1728563772.17964	123612.1	43618.95	77.8373585	40.4777869	2581.2959	1	60.91	54663.4881	54693.6386	27138.078125	654.9716797	48800.8554688	0.022	1.697	-119.548	5300
1728563772.27959	123612.2	43619.05	77.8373589	40.4777868	2581.3032	1	60.87	54663.1715	54693.6351	26290.5722656	-2971.7114258	49165.609375	0.566	2.015	-124.32	5301
1728563772.37954	123612.3	43619.15	77.8373593	40.4777867	2581.3257	1	60.77	54663.4954	54693.3347	25368.1621094	-5885.5732422	49446.2070313	0.703	2.51	-133.919	5302
1728563772.47948	123612.4	43619.25	77.8373597	40.4777865	2581.342	1	60.73	54664.1371	54693.0945	24031.1933594	-8287.8544922	49695.921875	0.906	2.493	-139.109	5303
1728563772.57943	123612.5	43619.35	77.83736	40.4777863	2581.3474	1	60.7	54664.7997	54692.2887	22124.875	-11856.1728516	49819.9921875	1.219	2.059	-148.785	5304
1728563772.67938	123612.6	43619.45	77.8373604	40.477786	2581.3462	1	60.75	54665.5385	54692.1985	20467.1835938	-14889.6230469	49829.0234375	1.258	1.895	-153.651	5305
1728563772.77908	123612.7	43619.55	77.8373608	40.4777857	2581.3501	1	60.83	54666.0157	54690.9632	18126.5800781	-17487.296875	49864.5546875	1.477	1.779	-163.744	5306
1728563772.87903	123612.8	43619.65	77.837361	40.4777854	2581.3606	1	60.84	54666.733	54690.2433	15401.6923828	-19418.3300781	49863.2421875	1.774	1.708	-168.56	5307
1728563772.97979	123612.9	43619.75	77.8373612	40.4777851	2581.3733	1	60.87	54667.7709	54688.9626	11758.6660156	-21773.2246094	49813.7148438	2.383	1.34	-178.171	5308
1728563773.07705	123613.0	43619.85	77.8373613	40.4777848	2581.3787	1	60.93	54668.359	54687.4324	8973.4248047	-23419.7089844	49684.3515625	2.383	1.34	-178.171	5309
1728563773.17697	123613.1	43619.95	77.8373613	40.4777844	2581.3813	1	60.93	54670.0679	54686.9007	5654.6884766	-24001.140625	49765.5039063	2.383	1.34	-178.171	5310
1728563773.27781	123613.2	43620.05	77.8373612	40.4777841	2581.3845	1	60.91	54671.3154	54685.7025	2538.7216797	-24057.9648438	49897.15625	2.383	1.34	-178.171	5311
1728563773.37772	123613.3	43620.15	77.8373611	40.4777837	2581.387	1	60.88	54672.177	54685.0495	-182.2277527	-23866.4121094	49975.3554688	2.383	1.34	-178.171	5312
1728563773.47769	123613.4	43620.25	77.837361	40.4777834	2581.3875	1	60.82	54673.4362	54684.3675	-2655.8303223	-23862.8808594	49850.1171875	-0.016	3.075	145.452	5313
1728563773.57762	123613.5	43620.35	77.8373608	40.477783	2581.3811	1	60.82	54674.5295	54683.9972	-5135.3061523	-23488.2871094	49778.34375	-0.588	3.141	140.778	5314
1728563773.67756	123613.6	43620.45	77.8373606	40.4777827	2581.3777	1	60.88	54675.9785	54683.0378	-8230.4248047	-22098.3652344	49927.6132813	-0.862	3.987	131.135	5315
1728563773.77751	123613.7	43620.55	77.8373603	40.4777824	2581.3782	1	60.94	54677.4398	54681.9948	-10504.1503906	-20045.1347656	50191.484375	-1.076	4.624	126.489	5316
1728563773.87745	123613.8	43620.65	77.83736	40.4777823	2581.3806	1	61.01	54679.7712	54681.3744	-13077.2841797	-18016.7773438	50373.7734375	-1.214	5.58	117.219	5317
1728563773.97741	123613.9	43620.75	77.8373597	40.4777821	2581.386	1	61.03	54681.4027	54680.0994	-15498.7324219	-15439.9072266	50469.2382813	-1.175	5.964	112.227	5318
1728563774.07735	123614.0	43620.85	77.8373594	40.477782	2581.3921	1	61.2	54684.7495	54679.5242	-18185.9394531	-12202.5791016	50371.8085938	-0.906	6.524	102.946	5319
1728563774.1773	123614.1	43620.95	77.837359	40.4777819	2581.3989	1	61.24	54686.2082	54678.2345	-19876.6679688	-9302.1289063	50148.0859375	-0.741	6.612	98.322	5320
1728563774.27725	123614.2	43621.05	77.8373586	40.4777818	2581.4062	1	61.28	54687.7561	54677.6728	-21675.8515625	-7037.1230469	49849.2109375	-0.61	6.14	88.69	5321
1728563774.37847	123614.3	43621.15	77.8373581	40.4777817	2581.4165	1	61.33	54690.2428	54676.8498	-23122.0039063	-3811.4567871	49489.703125	-0.73	5.92	84.055	5322
1728563774.4752	123614.4	43621.25	77.8373576	40.4777817	2581.425	1	61.32	54691.1655	54676.2533	-23626	-991.6720581	49339.953125	-1.362	5.629	74.719	5323
1728563774.57515	123614.5	43621.35	77.8373571	40.4777817	2581.4326	1	61.36	54691.6782	54675.4097	-23523.8203125	1529.3033447	49362.4179688	-1.79	5.486	70.095	5324
1728563774.67588	123614.6	43621.45	77.8373566	40.4777818	2581.4421	1	61.37	54691.6603	54674.731	-22939.9316406	4500.9453125	49429.8984375	-2.603	5.124	60.501	5325
1728563774.77582	123614.7	43621.55	77.8373561	40.4777818	2581.4624	1	61.46	54690.9468	54674.3543	-22022.5644531	7989.6928711	49427.3671875	-2.867	4.833	51.319	5326
1728563774.87578	123614.8	43621.65	77.8373557	40.4777818	2581.4929	1	61.49	54690.1186	54673.8287	-21267.2304688	10899.1835938	49209.8945313	-2.652	4.542	46.761	5327
1728563774.97364	123614.9	43621.75	77.8373553	40.4777818	2581.5271	1	61.35	54690.0754	54673.7436	-20705.6738281	13461.4238281	48727.5351563	-1.801	4.75	37.233	5328
1728563775.07362	123615.0	43621.85	77.8373548	40.4777817	2581.5623	1	61.57	54689.1937	54673.0828	-19821.9492188	16472.25	48252.5429688	-1.461	4.893	32.653	5329
1728563775.18203	123615.1	43621.95	77.8373544	40.4777818	2581.5959	1	61.7	54688.4905	54673.102	-18194.1875	19812.7851563	47649.1601563	-0.994	5.003	23.4	5330
1728563775.28197	123615.2	43622.05	77.8373541	40.4777819	2581.6157	1	61.69	54686.2354	54672.8614	-16522.7792969	22193.9101563	47351.671875	-0.983	4.997	18.413	5331
1728563775.38192	123615.3	43622.15	77.8373538	40.4777821	2581.6321	1	61.67	54685.3555	54672.9451	-13996.7939453	23928.2480469	47219.1445313	-1.433	5.025	9.155	5332
1728563775.48266	123615.4	43622.25	77.8373535	40.4777823	2581.6477	1	61.63	54681.9697	54673.1685	-10961.7832031	25684.5546875	47166.2460938	-1.851	4.855	4.553	5333
1728563775.58257	123615.5	43622.35	77.8373532	40.4777824	2581.6658	1	61.62	54680.2698	54673.6861	-7012.9506836	27157.3066406	47179.0117188	-2.367	4.542	-5.041	5334
1728563775.68252	123615.6	43622.45	77.837353	40.4777826	2581.6831	1	61.41	54677.7706	54674.4011	-4116.284668	27944.8476563	47190.6523438	-2.389	4.553	-9.66	5335
1728563775.77915	123615.7	43622.55	77.8373528	40.4777828	2581.6973	1	61.63	54674.721	54674.9157	-920.9782104	28448.6269531	47064.7578125	-1.917	4.481	-18.798	5336
1728563775.8791	123615.8	43622.65	77.8373526	40.477783	2581.7104	1	61.54	54673.7998	54675.5775	2364.963623	28765.6542969	46913.7773438	-1.494	4.454	-23.318	5337
1728563775.97905	123615.9	43622.75	77.8373525	40.4777833	2581.7239	1	61.61	54672.121	54676.6304	4572.7675781	28668.0898438	46855.7304688	-0.621	4.207	-32.664	5338
1728563776.07983	123616.0	43622.85	77.8373525	40.4777836	2581.7346	1	61.42	54671.0018	54677.0425	7541.8652344	27946.78125	46947.2070313	-0.39	4.19	-36.673	5339
1728563776.1798	123616.1	43622.95	77.8373525	40.4777838	2581.7439	1	61.44	54668.7134	54678.2381	9712.8212891	27301.7148438	46983.3046875	-0.708	4.267	-42.297	5340
1728563776.27972	123616.2	43623.05	77.8373525	40.477784	2581.7517	1	61.37	54668.8907	54679.3073	11513.3945313	26634.3378906	47025.828125	-1.34	4.003	-44.18	5341
